{
  "advancedEditorSelectedIdentifier" : "ProjectBrowser",
  "openSceneRelativePaths" : [
    "Immersive.usda"
  ],
  "recentIdentifiers" : {

  },
  "sceneCameraHistory" : {
    "AF09ED6F-1707-48FD-8720-65B998362C09" : [
      {
        "date" : 750787215.744535,
        "title" : "Untitled",
        "transform" : [
          0.9978775,
          -1.2118677e-08,
          -0.06512048,
          0,
          -0.008282809,
          0.99187815,
          -0.12692155,
          0,
          0.064591445,
          0.12719171,
          0.9897728,
          0,
          1.7504073,
          0.008920079,
          -0.87913644,
          1
        ]
      },
      {
        "date" : 750787081.447719,
        "title" : "Untitled",
        "transform" : [
          0.9978775,
          -1.2118677e-08,
          -0.06512048,
          0,
          -0.008282809,
          0.99187815,
          -0.12692155,
          0,
          0.06459145,
          0.12719172,
          0.9897729,
          0,
          1.7474394,
          0.0044039767,
          -0.9246172,
          1
        ]
      },
      {
        "date" : 750787071.912252,
        "title" : "Untitled",
        "transform" : [
          0.9895508,
          -1.2310899e-08,
          -0.1441849,
          0,
          0.14321618,
          0.11572108,
          0.9829027,
          0,
          0.016685124,
          -0.9932817,
          0.1145121,
          0,
          1.7362701,
          -0.17453948,
          -1.09781,
          1
        ]
      },
      {
        "date" : 750787053.17916,
        "title" : "Untitled",
        "transform" : [
          -0.99520314,
          6.4686634e-09,
          -0.09783056,
          0,
          0.097766824,
          0.036120147,
          -0.9945537,
          0,
          0.0035337233,
          -0.99934745,
          -0.035947084,
          0,
          1.698855,
          -0.12722033,
          -1.0861598,
          1
        ]
      },
      {
        "date" : 750787019.628867,
        "title" : "Untitled",
        "transform" : [
          -0.9148259,
          -5.182919e-09,
          0.4038484,
          0,
          -0.1586732,
          0.9195799,
          -0.3594377,
          0,
          -0.37137094,
          -0.39290288,
          -0.8412556,
          0,
          1.6527784,
          -0.062420897,
          -1.1996888,
          1
        ]
      },
      {
        "date" : 750787017.992623,
        "title" : "Untitled",
        "transform" : [
          -0.8043469,
          -5.9650063e-12,
          0.59415996,
          0,
          -0.027151534,
          0.9989553,
          -0.036756523,
          0,
          -0.5935393,
          -0.045697346,
          -0.8035067,
          0,
          1.6235414,
          -0.016477747,
          -1.1944168,
          1
        ]
      },
      {
        "date" : 750787003.569137,
        "title" : "Untitled",
        "transform" : [
          -0.565044,
          7.1252426e-10,
          0.8250609,
          0,
          0.44069737,
          0.8453965,
          0.30181214,
          0,
          -0.6975035,
          0.5341393,
          -0.47768626,
          0,
          -2.9683027,
          2.0339477,
          -5.627775,
          1
        ]
      },
      {
        "date" : 750786985.414413,
        "title" : "Untitled",
        "transform" : [
          -0.7091236,
          4.6999293e-09,
          -0.7050842,
          0,
          -0.13730158,
          0.9808568,
          0.13808815,
          0,
          0.6915867,
          0.19473073,
          -0.69554865,
          0,
          7.234601,
          -0.4107759,
          -5.1002355,
          1
        ]
      },
      {
        "date" : 750786977.214025,
        "title" : "Untitled",
        "transform" : [
          0.99999994,
          -5.237539e-10,
          -0.0001198976,
          0,
          -2.6015903e-06,
          0.99976456,
          -0.021699848,
          0,
          0.00011986896,
          0.021699825,
          0.9997645,
          0,
          -0.05482018,
          0.2988003,
          5.4168897,
          1
        ]
      },
      {
        "date" : 750786973.720371,
        "title" : "Untitled",
        "transform" : [
          1,
          0,
          0,
          0,
          0,
          0.8660258,
          -0.4999993,
          0,
          0,
          0.4999993,
          0.8660258,
          0,
          -0.05560136,
          3.3958836,
          4.4695363,
          1
        ]
      }
    ]
  }
}